1	smith	       43		45		3	    4		5		3		5	1
2	cameron	       53		2		1	    2		1		21		2	1
3	marnus	       55		305		12552	    45.2	10		12		20	255
4	david_warner   77		355		15008	    47.3	8		7		14	205
5	mitchell       43		108		2015	    32.5	4		10		55	125
6	finch	       26		700		20452	    36.25	21		22		45	605
7	nathan	       87		125		2552	    28.6	25		29		54	152
8	alex	       79		180		802	    9.14	100		96		58	236
9	marcus	       24		203		1521	    15.2	98		97		91	300
10	travis	       87		52		852	    20.1	88		85		81	102
11	asli	       21		2		3	    2		3		2		3	2

