1   Joe_Root	   2  251	     10821	  54.3	    2	   2	   5	   10	    
2   Ollie_Pope	  34  175	     7215	  42.5	    3	   12	   25	   0	    
3   James_Anderson  55  305	     12552	  45.2	    10	   12	   20	   255	    
4   Ben_Duckett	  77	355	     15008	  47.3	    8	   7	   14	   205	    
5   Mark_Wood	 43   108    	 2015	  32.5	    4	   10	   55	   125	    
6   Jack_Leach	26	700	     20452	  36.25	    21	   22	   45	   605	    
7   Ben_Stokes   87   125	     2552	  28.6	    25	   29	   54	   152	    
8   Keaton_Jenning  79  180	     802	  9.14	    100	   96	   58	   236	    
9   Liam_Livington  24	203	     1521	  15.2	    98	   97	   91	   300	    
10  Ben_Foakes	87    52	     852	  20.1	    88	   85	   81	   102	    
11  Harry_Brook	90	523      3201	  11.25	    0	   5	   8	   805	    